Experiment dir : search-EXP-20190419-144304
torch.Size([7262, 128])
torch.Size([576, 128])
torch.Size([7376, 10])
torch.Size([82430, 1])
04/19 02:43:07 PM param size: 4810000
04/19 02:43:07 PM initial genotype:
04/19 02:43:07 PM Genotype(recurrent=[('identity', 0), ('relu', 1), ('relu', 1), ('identity', 2), ('identity', 0), ('tanh', 2), ('sigmoid', 3), ('tanh', 7)], concat=range(1, 9))
04/19 02:43:07 PM Args: Namespace(alpha=0, arch_lr=0.003, arch_wdecay=0.001, batch_size=128, beta=0.001, bptt=35, clip=0.25, continue_train=False, cuda=True, data='../data/penn/', dropout=0.75, dropoute=0, dropouth=0.25, dropouti=0.2, dropoutx=0.75, emsize=300, epochs=50, gpu=0, log_interval=50, lr=20, max_seq_len_delta=20, nhid=300, nhidlast=300, nonmono=5, save='search-EXP-20190419-144304', seed=3, single_gpu=True, small_batch_size=128, unrolled=True, wdecay=5e-07)
04/19 02:43:07 PM Model total parameters: 4810000
04/19 02:45:55 PM Genotype(recurrent=[('identity', 0), ('identity', 1), ('identity', 1), ('identity', 2), ('identity', 2), ('sigmoid', 1), ('identity', 4), ('relu', 6)], concat=range(1, 9))
Variable containing:
 0.2003  0.1989  0.1960  0.1982  0.2066
 0.2034  0.1996  0.1967  0.1927  0.2076
 0.1963  0.2028  0.1975  0.1952  0.2082
 0.2008  0.2009  0.1994  0.1966  0.2023
 0.1950  0.2022  0.2027  0.1963  0.2038
 0.2046  0.1985  0.2004  0.1970  0.1996
 0.2023  0.1982  0.1985  0.1914  0.2097
 0.1983  0.1977  0.2010  0.1931  0.2101
 0.1967  0.1986  0.2024  0.1915  0.2108
 0.2048  0.1979  0.1976  0.1916  0.2081
 0.2037  0.1978  0.1977  0.1968  0.2040
 0.2022  0.1972  0.1995  0.1972  0.2039
 0.1950  0.2018  0.2001  0.1965  0.2067
 0.2057  0.1954  0.1996  0.1974  0.2019
 0.1952  0.1985  0.2019  0.2001  0.2043
 0.2015  0.1987  0.1984  0.2029  0.1985
 0.1989  0.1982  0.1994  0.2041  0.1993
 0.1984  0.1996  0.1993  0.2023  0.2004
 0.2065  0.1980  0.1937  0.2033  0.1984
 0.1941  0.2029  0.1978  0.2024  0.2028
 0.1996  0.2017  0.1952  0.2026  0.2009
 0.2062  0.1943  0.1978  0.1888  0.2130
 0.2007  0.1931  0.2033  0.1894  0.2135
 0.1970  0.1986  0.2002  0.1914  0.2129
 0.2034  0.1950  0.1997  0.1907  0.2113
 0.1976  0.1960  0.2006  0.1910  0.2148
 0.1990  0.1953  0.2011  0.1933  0.2113
 0.1981  0.1962  0.2000  0.1939  0.2117
 0.1990  0.1999  0.2030  0.1976  0.2004
 0.1955  0.2012  0.2024  0.1974  0.2035
 0.1966  0.2018  0.2011  0.1984  0.2021
 0.2053  0.1988  0.2014  0.1991  0.1954
 0.1964  0.2032  0.2015  0.2015  0.1974
 0.2014  0.1985  0.2010  0.2006  0.1986
 0.1921  0.2045  0.2054  0.1986  0.1993
 0.2033  0.1985  0.2010  0.2007  0.1965
[torch.cuda.FloatTensor of size 36x5 (GPU 0)]

Variable containing:
 1
[torch.cuda.FloatTensor of size 1 (GPU 0)]

Variable containing:
 0.4903
 0.5097
[torch.cuda.FloatTensor of size 2 (GPU 0)]

Variable containing:
 0.3310
 0.3417
 0.3274
[torch.cuda.FloatTensor of size 3 (GPU 0)]

Variable containing:
 0.2460
 0.2537
 0.2547
 0.2456
[torch.cuda.FloatTensor of size 4 (GPU 0)]

Variable containing:
 0.1958
 0.1982
 0.2061
 0.1950
 0.2050
[torch.cuda.FloatTensor of size 5 (GPU 0)]

Variable containing:
 0.1651
 0.1678
 0.1676
 0.1622
 0.1706
 0.1667
[torch.cuda.FloatTensor of size 6 (GPU 0)]

Variable containing:
 0.1383
 0.1431
 0.1462
 0.1401
 0.1437
 0.1444
 0.1442
[torch.cuda.FloatTensor of size 7 (GPU 0)]

Variable containing:
 0.1244
 0.1269
 0.1263
 0.1216
 0.1264
 0.1236
 0.1280
 0.1228
[torch.cuda.FloatTensor of size 8 (GPU 0)]

04/19 02:45:55 PM | epoch   1 |    50/  207 batches | lr 20.00 | ms/batch 3362.57 | loss  9.60 | ppl 14776.68
04/19 02:48:17 PM Genotype(recurrent=[('sigmoid', 0), ('identity', 0), ('tanh', 0), ('identity', 1), ('relu', 4), ('sigmoid', 0), ('identity', 6), ('identity', 1)], concat=range(1, 9))
Variable containing:
 0.1978  0.2024  0.1984  0.2036  0.1978
 0.2024  0.1965  0.1939  0.1905  0.2167
 0.1977  0.1990  0.1948  0.1941  0.2143
 0.1967  0.2101  0.1933  0.2011  0.1988
 0.1955  0.2057  0.1972  0.2025  0.1992
 0.2043  0.2038  0.1958  0.2012  0.1948
 0.1982  0.2028  0.1950  0.1927  0.2113
 0.1954  0.2024  0.1967  0.1935  0.2120
 0.1976  0.2005  0.1981  0.1928  0.2111
 0.2100  0.1984  0.1919  0.1923  0.2074
 0.1966  0.2024  0.2003  0.1968  0.2040
 0.1980  0.1962  0.2044  0.1987  0.2028
 0.1915  0.2029  0.2047  0.1991  0.2017
 0.2100  0.1912  0.2039  0.1985  0.1965
 0.2049  0.1928  0.2049  0.2005  0.1970
 0.1973  0.2029  0.1975  0.2098  0.1926
 0.1929  0.2040  0.1985  0.2088  0.1959
 0.1949  0.2047  0.1976  0.2065  0.1962
 0.2112  0.2029  0.1866  0.2080  0.1914
 0.1968  0.2049  0.1944  0.2066  0.1973
 0.2022  0.2059  0.1875  0.2073  0.1970
 0.1985  0.1953  0.1932  0.1894  0.2236
 0.1983  0.1874  0.2026  0.1922  0.2195
 0.1978  0.1953  0.1956  0.1907  0.2205
 0.2052  0.1912  0.1948  0.1923  0.2165
 0.2081  0.1886  0.1945  0.1904  0.2185
 0.1975  0.1930  0.1959  0.1935  0.2202
 0.1946  0.1936  0.1933  0.1944  0.2242
 0.1979  0.1972  0.1986  0.1979  0.2085
 0.1949  0.1985  0.1987  0.1981  0.2099
 0.1958  0.1991  0.1983  0.2000  0.2068
 0.2091  0.1935  0.1976  0.1996  0.2003
 0.2011  0.1971  0.1989  0.2015  0.2013
 0.2032  0.1948  0.1968  0.2023  0.2029
 0.1930  0.2011  0.2019  0.2019  0.2021
 0.2009  0.1984  0.1973  0.2041  0.1993
[torch.cuda.FloatTensor of size 36x5 (GPU 0)]

Variable containing:
 1
[torch.cuda.FloatTensor of size 1 (GPU 0)]

Variable containing:
 0.4936
 0.5064
[torch.cuda.FloatTensor of size 2 (GPU 0)]

Variable containing:
 0.3357
 0.3386
 0.3256
[torch.cuda.FloatTensor of size 3 (GPU 0)]

Variable containing:
 0.2507
 0.2566
 0.2532
 0.2395
[torch.cuda.FloatTensor of size 4 (GPU 0)]

Variable containing:
 0.2024
 0.2025
 0.2090
 0.1909
 0.1952
[torch.cuda.FloatTensor of size 5 (GPU 0)]

Variable containing:
 0.1679
 0.1722
 0.1698
 0.1583
 0.1677
 0.1642
[torch.cuda.FloatTensor of size 6 (GPU 0)]

Variable containing:
 0.1435
 0.1447
 0.1458
 0.1385
 0.1364
 0.1452
 0.1460
[torch.cuda.FloatTensor of size 7 (GPU 0)]

Variable containing:
 0.1255
 0.1276
 0.1272
 0.1200
 0.1242
 0.1230
 0.1280
 0.1245
[torch.cuda.FloatTensor of size 8 (GPU 0)]

04/19 02:48:17 PM | epoch   1 |   100/  207 batches | lr 20.00 | ms/batch 2833.37 | loss  9.06 | ppl  8605.25
04/19 02:51:07 PM Genotype(recurrent=[('sigmoid', 0), ('identity', 0), ('tanh', 0), ('identity', 1), ('relu', 2), ('sigmoid', 0), ('identity', 6), ('identity', 1)], concat=range(1, 9))
Variable containing:
 0.1997  0.2069  0.1886  0.2074  0.1975
 0.2016  0.1934  0.1918  0.1859  0.2272
 0.2004  0.1942  0.1914  0.1881  0.2258
 0.1906  0.2084  0.1936  0.2042  0.2032
 0.1984  0.2040  0.1912  0.2026  0.2038
 0.2106  0.1994  0.1900  0.2021  0.1979
 0.1964  0.1977  0.1967  0.1966  0.2126
 0.1949  0.1950  0.1983  0.1939  0.2180
 0.2034  0.1954  0.1964  0.1923  0.2124
 0.2033  0.1996  0.1916  0.1948  0.2107
 0.1996  0.2030  0.1959  0.2007  0.2008
 0.1942  0.1987  0.2051  0.2013  0.2006
 0.1948  0.2010  0.2067  0.1993  0.1983
 0.2034  0.1955  0.2054  0.2031  0.1926
 0.2066  0.1894  0.2065  0.2020  0.1955
 0.1926  0.2118  0.1894  0.2154  0.1909
 0.1901  0.2107  0.1900  0.2132  0.1961
 0.1961  0.2142  0.1900  0.2047  0.1950
 0.2120  0.2111  0.1770  0.2132  0.1867
 0.1949  0.2126  0.1864  0.2094  0.1967
 0.1952  0.2123  0.1822  0.2124  0.1978
 0.1969  0.1922  0.1849  0.1840  0.2421
 0.1977  0.1859  0.1949  0.1860  0.2355
 0.2014  0.1894  0.1868  0.1857  0.2367
 0.2062  0.1919  0.1845  0.1858  0.2317
 0.2077  0.1856  0.1869  0.1836  0.2361
 0.1957  0.1933  0.1858  0.1883  0.2369
 0.1995  0.1884  0.1828  0.1866  0.2426
 0.1942  0.1966  0.2016  0.1972  0.2104
 0.1959  0.1936  0.2014  0.1953  0.2138
 0.2004  0.1886  0.2046  0.1942  0.2121
 0.2038  0.1877  0.2038  0.1939  0.2108
 0.1953  0.1952  0.2066  0.1978  0.2051
 0.2030  0.1889  0.2042  0.1998  0.2041
 0.1956  0.1927  0.2062  0.1964  0.2090
 0.2066  0.1892  0.2032  0.2002  0.2008
[torch.cuda.FloatTensor of size 36x5 (GPU 0)]

Variable containing:
 1
[torch.cuda.FloatTensor of size 1 (GPU 0)]

Variable containing:
 0.4980
 0.5020
[torch.cuda.FloatTensor of size 2 (GPU 0)]

Variable containing:
 0.3476
 0.3356
 0.3169
[torch.cuda.FloatTensor of size 3 (GPU 0)]

Variable containing:
 0.2520
 0.2573
 0.2455
 0.2451
[torch.cuda.FloatTensor of size 4 (GPU 0)]

Variable containing:
 0.1988
 0.2056
 0.2058
 0.1956
 0.1943
[torch.cuda.FloatTensor of size 5 (GPU 0)]

Variable containing:
 0.1696
 0.1728
 0.1665
 0.1553
 0.1677
 0.1681
[torch.cuda.FloatTensor of size 6 (GPU 0)]

Variable containing:
 0.1459
 0.1461
 0.1436
 0.1375
 0.1376
 0.1470
 0.1423
[torch.cuda.FloatTensor of size 7 (GPU 0)]

Variable containing:
 0.1274
 0.1269
 0.1243
 0.1234
 0.1273
 0.1228
 0.1264
 0.1217
[torch.cuda.FloatTensor of size 8 (GPU 0)]

04/19 02:51:07 PM | epoch   1 |   150/  207 batches | lr 20.00 | ms/batch 3408.28 | loss  8.73 | ppl  6209.36
04/19 02:53:10 PM Genotype(recurrent=[('sigmoid', 0), ('identity', 1), ('tanh', 0), ('identity', 1), ('sigmoid', 3), ('sigmoid', 0), ('identity', 0), ('sigmoid', 5)], concat=range(1, 9))
Variable containing:
 0.1982  0.2080  0.1874  0.2101  0.1962
 0.2050  0.2056  0.1813  0.1936  0.2145
 0.1937  0.2049  0.1883  0.1940  0.2191
 0.1847  0.2100  0.1921  0.2099  0.2034
 0.1985  0.2038  0.1874  0.2055  0.2048
 0.2168  0.1989  0.1843  0.2046  0.1954
 0.1924  0.1977  0.1965  0.2014  0.2120
 0.1927  0.1951  0.1988  0.1941  0.2193
 0.2091  0.1948  0.1928  0.1922  0.2112
 0.1991  0.2049  0.1884  0.1992  0.2084
 0.1962  0.2099  0.1937  0.2088  0.1914
 0.1899  0.2048  0.2060  0.2101  0.1891
 0.1997  0.2048  0.2008  0.2064  0.1883
 0.1970  0.2034  0.2060  0.2106  0.1830
 0.2029  0.1948  0.2073  0.2094  0.1857
 0.1853  0.2189  0.1857  0.2257  0.1844
 0.1860  0.2164  0.1864  0.2230  0.1881
 0.1982  0.2208  0.1848  0.2097  0.1866
 0.2133  0.2170  0.1715  0.2226  0.1757
 0.1915  0.2171  0.1811  0.2198  0.1905
 0.1929  0.2171  0.1772  0.2217  0.1911
 0.1882  0.1978  0.1886  0.1872  0.2382
 0.1958  0.1886  0.1954  0.1880  0.2322
 0.2056  0.1907  0.1863  0.1876  0.2298
 0.2076  0.1968  0.1821  0.1903  0.2233
 0.2059  0.1869  0.1891  0.1860  0.2322
 0.1952  0.1964  0.1853  0.1923  0.2308
 0.1991  0.1909  0.1834  0.1892  0.2373
 0.1855  0.2032  0.2022  0.2065  0.2026
 0.1941  0.1976  0.1989  0.2052  0.2042
 0.2049  0.1905  0.2013  0.2001  0.2032
 0.2024  0.1907  0.2036  0.2015  0.2018
 0.1922  0.1977  0.2055  0.2090  0.1957
 0.2022  0.1946  0.1984  0.2112  0.1937
 0.1908  0.1981  0.2031  0.2048  0.2032
 0.2113  0.1898  0.1990  0.2067  0.1932
[torch.cuda.FloatTensor of size 36x5 (GPU 0)]

Variable containing:
 1
[torch.cuda.FloatTensor of size 1 (GPU 0)]

Variable containing:
 0.4834
 0.5166
[torch.cuda.FloatTensor of size 2 (GPU 0)]

Variable containing:
 0.3571
 0.3351
 0.3077
[torch.cuda.FloatTensor of size 3 (GPU 0)]

Variable containing:
 0.2554
 0.2589
 0.2383
 0.2473
[torch.cuda.FloatTensor of size 4 (GPU 0)]

Variable containing:
 0.1994
 0.2073
 0.1990
 0.1989
 0.1953
[torch.cuda.FloatTensor of size 5 (GPU 0)]

Variable containing:
 0.1744
 0.1748
 0.1624
 0.1523
 0.1683
 0.1677
[torch.cuda.FloatTensor of size 6 (GPU 0)]

Variable containing:
 0.1516
 0.1470
 0.1403
 0.1350
 0.1380
 0.1461
 0.1420
[torch.cuda.FloatTensor of size 7 (GPU 0)]

Variable containing:
 0.1322
 0.1267
 0.1209
 0.1230
 0.1279
 0.1221
 0.1287
 0.1185
[torch.cuda.FloatTensor of size 8 (GPU 0)]

04/19 02:53:10 PM | epoch   1 |   200/  207 batches | lr 20.00 | ms/batch 2459.13 | loss  8.59 | ppl  5355.64
04/19 02:54:14 PM -----------------------------------------------------------------------------------------
04/19 02:54:14 PM | end of epoch   1 | time: 666.85s | valid loss  7.57 | valid ppl  1942.47
04/19 02:54:14 PM -----------------------------------------------------------------------------------------
04/19 02:54:14 PM Saving Normal!
04/19 02:56:18 PM Genotype(recurrent=[('sigmoid', 0), ('identity', 1), ('identity', 1), ('identity', 1), ('relu', 1), ('tanh', 2), ('identity', 6), ('sigmoid', 4)], concat=range(1, 9))
Variable containing:
 0.1978  0.2103  0.1868  0.2124  0.1928
 0.2128  0.2021  0.1826  0.1914  0.2110
 0.1880  0.1996  0.1928  0.1882  0.2314
 0.1903  0.2059  0.1941  0.2064  0.2033
 0.1958  0.1999  0.1940  0.2022  0.2080
 0.2124  0.1980  0.1886  0.2038  0.1971
 0.2026  0.1917  0.1919  0.1898  0.2239
 0.1960  0.1878  0.2000  0.1842  0.2320
 0.2054  0.1918  0.1960  0.1855  0.2213
 0.1972  0.2009  0.1933  0.1887  0.2199
 0.1989  0.2084  0.1950  0.2120  0.1857
 0.1909  0.1993  0.2129  0.2101  0.1867
 0.1998  0.2045  0.2050  0.2051  0.1856
 0.1959  0.2033  0.2103  0.2112  0.1792
 0.1975  0.1955  0.2117  0.2121  0.1831
 0.1949  0.2154  0.1893  0.2161  0.1843
 0.1871  0.2150  0.1918  0.2114  0.1947
 0.1976  0.2205  0.1881  0.2043  0.1894
 0.2131  0.2170  0.1765  0.2148  0.1786
 0.1893  0.2185  0.1876  0.2112  0.1934
 0.1914  0.2190  0.1810  0.2103  0.1982
 0.1918  0.1852  0.1986  0.1795  0.2449
 0.2032  0.1765  0.2029  0.1813  0.2361
 0.2130  0.1829  0.1896  0.1835  0.2311
 0.2071  0.1850  0.1901  0.1829  0.2350
 0.2013  0.1758  0.2028  0.1799  0.2403
 0.1946  0.1856  0.1939  0.1867  0.2392
 0.1946  0.1815  0.1923  0.1832  0.2484
 0.1880  0.2039  0.1993  0.2102  0.1985
 0.2013  0.1924  0.2000  0.2052  0.2011
 0.2070  0.1900  0.2022  0.2022  0.1986
 0.2059  0.1911  0.2007  0.2011  0.2012
 0.1894  0.2005  0.2056  0.2105  0.1940
 0.2027  0.1985  0.1956  0.2091  0.1941
 0.1861  0.2019  0.2038  0.2048  0.2035
 0.2070  0.1927  0.2007  0.2063  0.1933
[torch.cuda.FloatTensor of size 36x5 (GPU 0)]

Variable containing:
 1
[torch.cuda.FloatTensor of size 1 (GPU 0)]

Variable containing:
 0.4642
 0.5358
[torch.cuda.FloatTensor of size 2 (GPU 0)]

Variable containing:
 0.3466
 0.3402
 0.3131
[torch.cuda.FloatTensor of size 3 (GPU 0)]

Variable containing:
 0.2457
 0.2575
 0.2435
 0.2533
[torch.cuda.FloatTensor of size 4 (GPU 0)]

Variable containing:
 0.1960
 0.2058
 0.1983
 0.1996
 0.2004
[torch.cuda.FloatTensor of size 5 (GPU 0)]

Variable containing:
 0.1666
 0.1748
 0.1637
 0.1532
 0.1713
 0.1704
[torch.cuda.FloatTensor of size 6 (GPU 0)]

Variable containing:
 0.1494
 0.1416
 0.1360
 0.1370
 0.1420
 0.1482
 0.1459
[torch.cuda.FloatTensor of size 7 (GPU 0)]

Variable containing:
 0.1306
 0.1227
 0.1198
 0.1211
 0.1302
 0.1222
 0.1326
 0.1208
[torch.cuda.FloatTensor of size 8 (GPU 0)]

04/19 02:56:18 PM | epoch   2 |    50/  207 batches | lr 20.00 | ms/batch 2484.54 | loss  8.96 | ppl  7774.75
04/19 02:58:30 PM Genotype(recurrent=[('sigmoid', 0), ('identity', 1), ('identity', 1), ('identity', 3), ('relu', 3), ('tanh', 5), ('identity', 0), ('sigmoid', 0)], concat=range(1, 9))
Variable containing:
 0.1897  0.2169  0.1928  0.2193  0.1812
 0.2155  0.2057  0.1708  0.1908  0.2172
 0.1789  0.2051  0.1818  0.1931  0.2411
 0.1998  0.1980  0.1871  0.1983  0.2168
 0.1898  0.1914  0.2039  0.1939  0.2210
 0.2246  0.1900  0.1813  0.1955  0.2086
 0.2097  0.1974  0.1834  0.1963  0.2132
 0.1871  0.1938  0.2083  0.1908  0.2201
 0.2135  0.1983  0.1865  0.1925  0.2093
 0.1866  0.2080  0.1844  0.1955  0.2255
 0.1872  0.2144  0.2034  0.2191  0.1759
 0.1813  0.2049  0.2210  0.2167  0.1761
 0.2065  0.2112  0.1944  0.2127  0.1752
 0.1835  0.2087  0.2213  0.2181  0.1683
 0.2052  0.2016  0.2015  0.2190  0.1726
 0.1842  0.2237  0.1961  0.2058  0.1902
 0.1736  0.2182  0.1956  0.2148  0.1978
 0.2091  0.2159  0.1943  0.1989  0.1819
 0.2005  0.2252  0.1839  0.2073  0.1831
 0.2012  0.2239  0.1829  0.2050  0.1870
 0.1847  0.2299  0.1752  0.2214  0.1889
 0.1821  0.1783  0.1919  0.1886  0.2592
 0.1913  0.1666  0.2106  0.1879  0.2436
 0.2231  0.1753  0.1829  0.1763  0.2423
 0.1955  0.1811  0.1976  0.1823  0.2434
 0.2127  0.1687  0.1948  0.1734  0.2504
 0.2063  0.1779  0.1869  0.1965  0.2324
 0.1872  0.1863  0.1821  0.1899  0.2546
 0.1761  0.2117  0.2070  0.2176  0.1876
 0.1891  0.1987  0.2086  0.2119  0.1918
 0.2171  0.1998  0.1961  0.1950  0.1920
 0.1944  0.1981  0.1911  0.2085  0.2080
 0.2007  0.2109  0.1985  0.2021  0.1878
 0.2120  0.2057  0.1864  0.1968  0.1991
 0.1772  0.2087  0.1941  0.2123  0.2077
 0.2152  0.1991  0.1898  0.2137  0.1822
[torch.cuda.FloatTensor of size 36x5 (GPU 0)]

Variable containing:
 1
[torch.cuda.FloatTensor of size 1 (GPU 0)]

Variable containing:
 0.4461
 0.5539
[torch.cuda.FloatTensor of size 2 (GPU 0)]

Variable containing:
 0.3382
 0.3591
 0.3026
[torch.cuda.FloatTensor of size 3 (GPU 0)]

Variable containing:
 0.2354
 0.2673
 0.2321
 0.2652
[torch.cuda.FloatTensor of size 4 (GPU 0)]

Variable containing:
 0.2038
 0.2120
 0.1878
 0.2076
 0.1889
[torch.cuda.FloatTensor of size 5 (GPU 0)]

Variable containing:
 0.1720
 0.1803
 0.1539
 0.1586
 0.1609
 0.1744
[torch.cuda.FloatTensor of size 6 (GPU 0)]

Variable containing:
 0.1572
 0.1476
 0.1293
 0.1428
 0.1343
 0.1398
 0.1490
[torch.cuda.FloatTensor of size 7 (GPU 0)]

Variable containing:
 0.1374
 0.1286
 0.1149
 0.1271
 0.1236
 0.1159
 0.1376
 0.1148
[torch.cuda.FloatTensor of size 8 (GPU 0)]

04/19 02:58:30 PM | epoch   2 |   100/  207 batches | lr 20.00 | ms/batch 2648.24 | loss  8.67 | ppl  5852.07
04/19 03:01:08 PM Genotype(recurrent=[('sigmoid', 0), ('identity', 1), ('identity', 1), ('identity', 3), ('relu', 3), ('tanh', 5), ('identity', 0), ('sigmoid', 0)], concat=range(1, 9))
Variable containing:
 0.1925  0.2172  0.1913  0.2188  0.1802
 0.2141  0.2057  0.1712  0.1875  0.2215
 0.1801  0.2048  0.1814  0.1932  0.2405
 0.2007  0.1982  0.1853  0.1983  0.2176
 0.1898  0.1916  0.2033  0.1938  0.2215
 0.2248  0.1901  0.1803  0.1956  0.2092
 0.2102  0.1976  0.1824  0.1958  0.2139
 0.1898  0.1937  0.2065  0.1904  0.2196
 0.2132  0.1993  0.1855  0.1929  0.2091
 0.1856  0.2080  0.1832  0.1958  0.2273
 0.1880  0.2146  0.2040  0.2171  0.1762
 0.1811  0.2051  0.2219  0.2165  0.1755
 0.2061  0.2115  0.1949  0.2125  0.1749
 0.1825  0.2084  0.2238  0.2177  0.1675
 0.2053  0.2022  0.2026  0.2177  0.1722
 0.1844  0.2237  0.1948  0.2027  0.1944
 0.1732  0.2174  0.1977  0.2140  0.1977
 0.2097  0.2150  0.1950  0.1981  0.1822
 0.2003  0.2257  0.1845  0.2068  0.1828
 0.2014  0.2244  0.1831  0.2044  0.1866
 0.1837  0.2301  0.1762  0.2197  0.1904
 0.1848  0.1801  0.1910  0.1878  0.2563
 0.1908  0.1684  0.2107  0.1882  0.2418
 0.2233  0.1759  0.1841  0.1764  0.2403
 0.1926  0.1863  0.1981  0.1848  0.2381
 0.2135  0.1694  0.1959  0.1740  0.2472
 0.2044  0.1814  0.1882  0.1993  0.2267
 0.1855  0.1901  0.1825  0.1900  0.2519
 0.1779  0.2133  0.2035  0.2198  0.1855
 0.1899  0.2003  0.2106  0.2140  0.1852
 0.2164  0.2040  0.1957  0.1960  0.1879
 0.1927  0.2001  0.1915  0.2145  0.2012
 0.2018  0.2119  0.1980  0.2066  0.1816
 0.2116  0.2077  0.1873  0.2025  0.1910
 0.1779  0.2108  0.1946  0.2155  0.2013
 0.2145  0.1997  0.1896  0.2152  0.1811
[torch.cuda.FloatTensor of size 36x5 (GPU 0)]

Variable containing:
 1
[torch.cuda.FloatTensor of size 1 (GPU 0)]

Variable containing:
 0.4504
 0.5496
[torch.cuda.FloatTensor of size 2 (GPU 0)]

Variable containing:
 0.3376
 0.3597
 0.3027
[torch.cuda.FloatTensor of size 3 (GPU 0)]

Variable containing:
 0.2358
 0.2639
 0.2332
 0.2671
[torch.cuda.FloatTensor of size 4 (GPU 0)]

Variable containing:
 0.2031
 0.2121
 0.1880
 0.2082
 0.1887
[torch.cuda.FloatTensor of size 5 (GPU 0)]

Variable containing:
 0.1716
 0.1803
 0.1536
 0.1587
 0.1606
 0.1751
[torch.cuda.FloatTensor of size 6 (GPU 0)]

Variable containing:
 0.1546
 0.1477
 0.1293
 0.1429
 0.1343
 0.1410
 0.1503
[torch.cuda.FloatTensor of size 7 (GPU 0)]

Variable containing:
 0.1361
 0.1285
 0.1150
 0.1284
 0.1228
 0.1165
 0.1378
 0.1149
[torch.cuda.FloatTensor of size 8 (GPU 0)]

04/19 03:01:08 PM | epoch   2 |   150/  207 batches | lr 20.00 | ms/batch 3149.88 | loss  8.66 | ppl  5795.16
04/19 03:03:57 PM Genotype(recurrent=[('sigmoid', 0), ('identity', 1), ('identity', 1), ('identity', 3), ('relu', 3), ('tanh', 5), ('identity', 0), ('sigmoid', 0)], concat=range(1, 9))
Variable containing:
 0.1986  0.2155  0.1944  0.2182  0.1733
 0.2070  0.2097  0.1696  0.1811  0.2325
 0.1862  0.2025  0.1771  0.1878  0.2464
 0.2012  0.1963  0.1771  0.1994  0.2261
 0.1934  0.1878  0.1966  0.1936  0.2285
 0.2256  0.1883  0.1744  0.1962  0.2154
 0.2140  0.1984  0.1760  0.1897  0.2220
 0.2015  0.1919  0.1990  0.1853  0.2224
 0.2112  0.2024  0.1850  0.1874  0.2139
 0.1809  0.2076  0.1843  0.1858  0.2415
 0.1846  0.2200  0.2022  0.2159  0.1773
 0.1872  0.2077  0.2186  0.2128  0.1737
 0.2027  0.2132  0.1953  0.2143  0.1745
 0.1823  0.2102  0.2236  0.2160  0.1679
 0.2079  0.2041  0.2028  0.2121  0.1731
 0.1818  0.2215  0.1879  0.1996  0.2092
 0.1767  0.2132  0.1894  0.2113  0.2095
 0.2124  0.2093  0.1862  0.2016  0.1906
 0.2013  0.2208  0.1809  0.2040  0.1930
 0.2038  0.2168  0.1797  0.2039  0.1958
 0.1856  0.2243  0.1682  0.2203  0.2017
 0.1915  0.1834  0.1859  0.1824  0.2569
 0.1931  0.1757  0.2031  0.1836  0.2446
 0.2189  0.1788  0.1812  0.1791  0.2420
 0.1887  0.2003  0.1879  0.1846  0.2386
 0.2113  0.1714  0.1945  0.1738  0.2490
 0.2054  0.1828  0.1828  0.2031  0.2259
 0.1822  0.2004  0.1788  0.1872  0.2513
 0.1841  0.2118  0.1929  0.2319  0.1794
 0.1950  0.2039  0.2012  0.2146  0.1854
 0.2149  0.2056  0.1943  0.2040  0.1813
 0.1822  0.2050  0.1907  0.2220  0.2001
 0.1955  0.2135  0.1964  0.2198  0.1748
 0.2218  0.2066  0.1842  0.2122  0.1751
 0.1788  0.2147  0.1927  0.2256  0.1881
 0.2079  0.2011  0.1887  0.2226  0.1796
[torch.cuda.FloatTensor of size 36x5 (GPU 0)]

Variable containing:
 1
[torch.cuda.FloatTensor of size 1 (GPU 0)]

Variable containing:
 0.4712
 0.5288
[torch.cuda.FloatTensor of size 2 (GPU 0)]

Variable containing:
 0.3403
 0.3558
 0.3039
[torch.cuda.FloatTensor of size 3 (GPU 0)]

Variable containing:
 0.2350
 0.2513
 0.2386
 0.2751
[torch.cuda.FloatTensor of size 4 (GPU 0)]

Variable containing:
 0.2074
 0.2056
 0.1907
 0.2087
 0.1875
[torch.cuda.FloatTensor of size 5 (GPU 0)]

Variable containing:
 0.1769
 0.1780
 0.1527
 0.1586
 0.1595
 0.1743
[torch.cuda.FloatTensor of size 6 (GPU 0)]

Variable containing:
 0.1487
 0.1460
 0.1321
 0.1453
 0.1354
 0.1401
 0.1524
[torch.cuda.FloatTensor of size 7 (GPU 0)]

Variable containing:
 0.1312
 0.1266
 0.1154
 0.1352
 0.1257
 0.1106
 0.1378
 0.1176
[torch.cuda.FloatTensor of size 8 (GPU 0)]

04/19 03:03:57 PM | epoch   2 |   200/  207 batches | lr 20.00 | ms/batch 3375.79 | loss  8.57 | ppl  5263.12
04/19 03:05:07 PM -----------------------------------------------------------------------------------------
04/19 03:05:07 PM | end of epoch   2 | time: 653.14s | valid loss  7.04 | valid ppl  1138.52
04/19 03:05:07 PM -----------------------------------------------------------------------------------------
04/19 03:05:07 PM Saving Normal!
04/19 03:07:22 PM Genotype(recurrent=[('sigmoid', 0), ('identity', 1), ('identity', 1), ('identity', 3), ('relu', 3), ('tanh', 5), ('identity', 0), ('sigmoid', 7)], concat=range(1, 9))
Variable containing:
 0.1983  0.2158  0.1953  0.2168  0.1737
 0.2125  0.2068  0.1687  0.1735  0.2385
 0.1822  0.2017  0.1775  0.1823  0.2563
 0.2019  0.1958  0.1760  0.1984  0.2280
 0.1942  0.1878  0.1948  0.1931  0.2302
 0.2250  0.1882  0.1745  0.1958  0.2166
 0.2190  0.1926  0.1761  0.1882  0.2241
 0.2009  0.1898  0.1990  0.1847  0.2256
 0.2147  0.1960  0.1871  0.1826  0.2197
 0.1784  0.2040  0.1878  0.1819  0.2479
 0.1864  0.2191  0.2035  0.2131  0.1779
 0.1876  0.2077  0.2206  0.2104  0.1736
 0.2019  0.2123  0.1985  0.2130  0.1744
 0.1790  0.2077  0.2339  0.2131  0.1662
 0.2075  0.2020  0.2095  0.2082  0.1728
 0.1855  0.2188  0.1848  0.1975  0.2133
 0.1773  0.2118  0.1866  0.2088  0.2155
 0.2166  0.2069  0.1852  0.1981  0.1932
 0.1995  0.2201  0.1818  0.1999  0.1987
 0.2029  0.2143  0.1802  0.2026  0.2001
 0.1892  0.2222  0.1669  0.2156  0.2061
 0.1913  0.1778  0.1919  0.1797  0.2592
 0.1942  0.1705  0.2083  0.1823  0.2448
 0.2181  0.1754  0.1883  0.1774  0.2408
 0.1885  0.1936  0.1977  0.1803  0.2400
 0.2123  0.1697  0.1980  0.1741  0.2458
 0.2070  0.1771  0.1907  0.2051  0.2202
 0.1841  0.1949  0.1851  0.1883  0.2477
 0.1897  0.2094  0.1938  0.2240  0.1832
 0.1935  0.2006  0.2016  0.2096  0.1947
 0.2124  0.2017  0.1952  0.2010  0.1896
 0.1893  0.2007  0.1904  0.2119  0.2076
 0.1908  0.2114  0.1970  0.2187  0.1821
 0.2176  0.2046  0.1845  0.2135  0.1797
 0.1801  0.2127  0.1908  0.2235  0.1929
 0.2051  0.2004  0.1896  0.2242  0.1807
[torch.cuda.FloatTensor of size 36x5 (GPU 0)]

Variable containing:
 1
[torch.cuda.FloatTensor of size 1 (GPU 0)]

Variable containing:
 0.4587
 0.5413
[torch.cuda.FloatTensor of size 2 (GPU 0)]

Variable containing:
 0.3397
 0.3552
 0.3051
[torch.cuda.FloatTensor of size 3 (GPU 0)]

Variable containing:
 0.2306
 0.2533
 0.2377
 0.2784
[torch.cuda.FloatTensor of size 4 (GPU 0)]

Variable containing:
 0.2055
 0.2053
 0.1913
 0.2105
 0.1874
[torch.cuda.FloatTensor of size 5 (GPU 0)]

Variable containing:
 0.1747
 0.1788
 0.1514
 0.1615
 0.1611
 0.1724
[torch.cuda.FloatTensor of size 6 (GPU 0)]

Variable containing:
 0.1491
 0.1458
 0.1322
 0.1459
 0.1354
 0.1401
 0.1515
[torch.cuda.FloatTensor of size 7 (GPU 0)]

Variable containing:
 0.1285
 0.1271
 0.1167
 0.1304
 0.1286
 0.1125
 0.1370
 0.1192
[torch.cuda.FloatTensor of size 8 (GPU 0)]

04/19 03:07:22 PM | epoch   3 |    50/  207 batches | lr 20.00 | ms/batch 2703.62 | loss  8.74 | ppl  6228.96
04/19 03:09:26 PM Genotype(recurrent=[('tanh', 0), ('identity', 1), ('identity', 1), ('identity', 3), ('relu', 3), ('tanh', 5), ('identity', 2), ('sigmoid', 4)], concat=range(1, 9))
Variable containing:
 0.1959  0.2163  0.1998  0.2160  0.1719
 0.2169  0.1991  0.1737  0.1661  0.2442
 0.1799  0.1975  0.1785  0.1753  0.2688
 0.2073  0.1958  0.1776  0.1975  0.2218
 0.1969  0.1872  0.1922  0.1925  0.2313
 0.2184  0.1905  0.1703  0.1974  0.2235
 0.2213  0.1863  0.1870  0.1841  0.2213
 0.2011  0.1874  0.2092  0.1817  0.2206
 0.2120  0.1892  0.1984  0.1755  0.2248
 0.1811  0.2009  0.1981  0.1755  0.2444
 0.1833  0.2203  0.2153  0.2082  0.1729
 0.1849  0.2102  0.2290  0.2127  0.1633
 0.1990  0.2161  0.2035  0.2173  0.1641
 0.1827  0.2061  0.2442  0.2086  0.1584
 0.2002  0.2045  0.2181  0.2150  0.1622
 0.1942  0.2067  0.1935  0.1868  0.2188
 0.1807  0.2152  0.1790  0.2033  0.2218
 0.2114  0.2054  0.1872  0.1910  0.2050
 0.1982  0.2266  0.1745  0.1952  0.2055
 0.2043  0.2142  0.1751  0.1998  0.2066
 0.1863  0.2286  0.1616  0.2104  0.2131
 0.1959  0.1840  0.1963  0.1852  0.2386
 0.1935  0.1782  0.2067  0.1904  0.2312
 0.2050  0.1764  0.1935  0.1808  0.2443
 0.1845  0.2000  0.1923  0.1905  0.2327
 0.2159  0.1747  0.1948  0.1844  0.2302
 0.2121  0.1847  0.1843  0.2158  0.2031
 0.1826  0.2049  0.1836  0.1980  0.2308
 0.1908  0.2024  0.1998  0.2136  0.1934
 0.1943  0.1935  0.2049  0.1998  0.2074
 0.2096  0.1938  0.1992  0.1935  0.2039
 0.1966  0.1943  0.1839  0.2032  0.2221
 0.1884  0.2093  0.1875  0.2223  0.1926
 0.2293  0.1960  0.1832  0.2016  0.1899
 0.1756  0.2055  0.2006  0.2134  0.2050
 0.2135  0.1946  0.1909  0.2141  0.1869
[torch.cuda.FloatTensor of size 36x5 (GPU 0)]

Variable containing:
 1
[torch.cuda.FloatTensor of size 1 (GPU 0)]

Variable containing:
 0.4503
 0.5497
[torch.cuda.FloatTensor of size 2 (GPU 0)]

Variable containing:
 0.3289
 0.3522
 0.3189
[torch.cuda.FloatTensor of size 3 (GPU 0)]

Variable containing:
 0.2298
 0.2532
 0.2425
 0.2745
[torch.cuda.FloatTensor of size 4 (GPU 0)]

Variable containing:
 0.2103
 0.2063
 0.1907
 0.2026
 0.1900
[torch.cuda.FloatTensor of size 5 (GPU 0)]

Variable containing:
 0.1661
 0.1765
 0.1567
 0.1634
 0.1607
 0.1767
[torch.cuda.FloatTensor of size 6 (GPU 0)]

Variable containing:
 0.1433
 0.1464
 0.1393
 0.1492
 0.1335
 0.1361
 0.1522
[torch.cuda.FloatTensor of size 7 (GPU 0)]

Variable containing:
 0.1288
 0.1277
 0.1204
 0.1276
 0.1302
 0.1076
 0.1418
 0.1159
[torch.cuda.FloatTensor of size 8 (GPU 0)]

04/19 03:09:26 PM | epoch   3 |   100/  207 batches | lr 20.00 | ms/batch 2473.36 | loss  8.45 | ppl  4656.77
04/19 03:12:05 PM Genotype(recurrent=[('tanh', 0), ('identity', 1), ('identity', 1), ('identity', 3), ('relu', 3), ('tanh', 5), ('identity', 2), ('identity', 3)], concat=range(1, 9))
Variable containing:
 0.1951  0.2166  0.2003  0.2162  0.1719
 0.2172  0.1985  0.1742  0.1655  0.2446
 0.1798  0.1971  0.1788  0.1746  0.2697
 0.2082  0.1955  0.1776  0.1973  0.2214
 0.1969  0.1870  0.1920  0.1924  0.2316
 0.2178  0.1905  0.1701  0.1975  0.2242
 0.2213  0.1859  0.1880  0.1839  0.2209
 0.2012  0.1873  0.2102  0.1815  0.2199
 0.2117  0.1886  0.1995  0.1749  0.2253
 0.1813  0.2007  0.1991  0.1752  0.2438
 0.1830  0.2203  0.2162  0.2077  0.1727
 0.1847  0.2104  0.2296  0.2127  0.1627
 0.1988  0.2164  0.2037  0.2176  0.1635
 0.1830  0.2061  0.2445  0.2084  0.1581
 0.1999  0.2046  0.2188  0.2153  0.1614
 0.1949  0.2056  0.1943  0.1859  0.2194
 0.1811  0.2155  0.1785  0.2028  0.2221
 0.2108  0.2055  0.1871  0.1906  0.2060
 0.1977  0.2272  0.1739  0.1948  0.2064
 0.2043  0.2146  0.1747  0.1998  0.2067
 0.1869  0.2288  0.1612  0.2097  0.2134
 0.1960  0.1845  0.1970  0.1856  0.2369
 0.1934  0.1788  0.2068  0.1911  0.2299
 0.2038  0.1769  0.1944  0.1814  0.2435
 0.1834  0.2009  0.1927  0.1914  0.2315
 0.2168  0.1749  0.1945  0.1851  0.2286
 0.2125  0.1852  0.1841  0.2164  0.2018
 0.1830  0.2055  0.1839  0.1985  0.2291
 0.1913  0.2016  0.2004  0.2126  0.1940
 0.1948  0.1927  0.2054  0.1988  0.2083
 0.2093  0.1931  0.1998  0.1928  0.2050
 0.1956  0.1942  0.1840  0.2028  0.2233
 0.1879  0.2089  0.1869  0.2217  0.1946
 0.2297  0.1954  0.1832  0.2008  0.1908
 0.1756  0.2049  0.2012  0.2125  0.2058
 0.2144  0.1941  0.1909  0.2131  0.1875
[torch.cuda.FloatTensor of size 36x5 (GPU 0)]

Variable containing:
 1
[torch.cuda.FloatTensor of size 1 (GPU 0)]

Variable containing:
 0.4497
 0.5503
[torch.cuda.FloatTensor of size 2 (GPU 0)]

Variable containing:
 0.3275
 0.3524
 0.3201
[torch.cuda.FloatTensor of size 3 (GPU 0)]

Variable containing:
 0.2299
 0.2529
 0.2429
 0.2742
[torch.cuda.FloatTensor of size 4 (GPU 0)]

Variable containing:
 0.2107
 0.2064
 0.1906
 0.2021
 0.1901
[torch.cuda.FloatTensor of size 5 (GPU 0)]

Variable containing:
 0.1655
 0.1763
 0.1573
 0.1639
 0.1608
 0.1762
[torch.cuda.FloatTensor of size 6 (GPU 0)]

Variable containing:
 0.1430
 0.1465
 0.1400
 0.1500
 0.1330
 0.1358
 0.1517
[torch.cuda.FloatTensor of size 7 (GPU 0)]

Variable containing:
 0.1284
 0.1274
 0.1207
 0.1283
 0.1306
 0.1074
 0.1418
 0.1154
[torch.cuda.FloatTensor of size 8 (GPU 0)]

04/19 03:12:05 PM | epoch   3 |   150/  207 batches | lr 20.00 | ms/batch 3173.43 | loss  8.30 | ppl  4010.48
04/19 03:14:53 PM Genotype(recurrent=[('tanh', 0), ('identity', 1), ('identity', 1), ('identity', 3), ('relu', 3), ('tanh', 5), ('identity', 2), ('identity', 3)], concat=range(1, 9))
Variable containing:
 0.1947  0.2166  0.2007  0.2160  0.1720
 0.2191  0.1980  0.1737  0.1648  0.2444
 0.1782  0.1972  0.1789  0.1745  0.2712
 0.2087  0.1954  0.1770  0.1972  0.2216
 0.1965  0.1869  0.1922  0.1923  0.2321
 0.2182  0.1903  0.1696  0.1975  0.2243
 0.2227  0.1860  0.1878  0.1838  0.2196
 0.1997  0.1880  0.2107  0.1819  0.2196
 0.2120  0.1888  0.1998  0.1750  0.2243
 0.1815  0.2012  0.1996  0.1756  0.2422
 0.1830  0.2202  0.2160  0.2067  0.1741
 0.1838  0.2107  0.2296  0.2117  0.1642
 0.2000  0.2161  0.2031  0.2168  0.1640
 0.1831  0.2063  0.2431  0.2083  0.1591
 0.2012  0.2046  0.2183  0.2138  0.1621
 0.1948  0.2058  0.1943  0.1864  0.2186
 0.1805  0.2154  0.1786  0.2041  0.2213
 0.2106  0.2058  0.1870  0.1913  0.2054
 0.1970  0.2271  0.1733  0.1969  0.2058
 0.2046  0.2143  0.1741  0.2000  0.2069
 0.1878  0.2286  0.1608  0.2112  0.2116
 0.1967  0.1841  0.1961  0.1853  0.2377
 0.1934  0.1782  0.2063  0.1904  0.2318
 0.2025  0.1762  0.1939  0.1805  0.2469
 0.1829  0.1999  0.1921  0.1905  0.2346
 0.2179  0.1740  0.1938  0.1842  0.2301
 0.2124  0.1853  0.1834  0.2163  0.2025
 0.1872  0.2047  0.1815  0.1976  0.2290
 0.1917  0.2013  0.2013  0.2124  0.1932
 0.1932  0.1923  0.2080  0.1987  0.2077
 0.2087  0.1930  0.2005  0.1930  0.2048
 0.1947  0.1942  0.1847  0.2030  0.2234
 0.1875  0.2088  0.1868  0.2220  0.1949
 0.2331  0.1948  0.1825  0.2001  0.1895
 0.1757  0.2047  0.2016  0.2123  0.2058
 0.2146  0.1939  0.1914  0.2131  0.1870
[torch.cuda.FloatTensor of size 36x5 (GPU 0)]

Variable containing:
 1
[torch.cuda.FloatTensor of size 1 (GPU 0)]

Variable containing:
 0.4448
 0.5552
[torch.cuda.FloatTensor of size 2 (GPU 0)]

Variable containing:
 0.3269
 0.3535
 0.3197
[torch.cuda.FloatTensor of size 3 (GPU 0)]

Variable containing:
 0.2284
 0.2549
 0.2426
 0.2742
[torch.cuda.FloatTensor of size 4 (GPU 0)]

Variable containing:
 0.2109
 0.2078
 0.1896
 0.2024
 0.1892
[torch.cuda.FloatTensor of size 5 (GPU 0)]

Variable containing:
 0.1656
 0.1768
 0.1575
 0.1643
 0.1608
 0.1751
[torch.cuda.FloatTensor of size 6 (GPU 0)]

Variable containing:
 0.1431
 0.1471
 0.1411
 0.1512
 0.1329
 0.1363
 0.1483
[torch.cuda.FloatTensor of size 7 (GPU 0)]

Variable containing:
 0.1281
 0.1282
 0.1210
 0.1290
 0.1309
 0.1058
 0.1417
 0.1154
[torch.cuda.FloatTensor of size 8 (GPU 0)]

04/19 03:14:53 PM | epoch   3 |   200/  207 batches | lr 20.00 | ms/batch 3371.98 | loss  8.21 | ppl  3686.23
04/19 03:16:06 PM -----------------------------------------------------------------------------------------
04/19 03:16:06 PM | end of epoch   3 | time: 658.61s | valid loss  6.97 | valid ppl  1060.82
04/19 03:16:06 PM -----------------------------------------------------------------------------------------
04/19 03:16:06 PM Saving Normal!
04/19 03:18:34 PM Genotype(recurrent=[('tanh', 0), ('identity', 1), ('identity', 1), ('identity', 3), ('relu', 3), ('tanh', 5), ('identity', 2), ('identity', 3)], concat=range(1, 9))
Variable containing:
 0.1940  0.2172  0.2009  0.2160  0.1719
 0.2219  0.1977  0.1735  0.1647  0.2422
 0.1762  0.1979  0.1799  0.1751  0.2709
 0.2098  0.1951  0.1776  0.1967  0.2208
 0.1984  0.1865  0.1925  0.1916  0.2311
 0.2143  0.1912  0.1725  0.1978  0.2243
 0.2251  0.1860  0.1875  0.1837  0.2177
 0.1961  0.1892  0.2120  0.1828  0.2199
 0.2138  0.1886  0.1999  0.1748  0.2228
 0.1814  0.2015  0.2009  0.1758  0.2404
 0.1830  0.2199  0.2168  0.2067  0.1736
 0.1831  0.2106  0.2315  0.2109  0.1639
 0.1988  0.2161  0.2043  0.2169  0.1639
 0.1838  0.2058  0.2443  0.2078  0.1583
 0.2026  0.2040  0.2194  0.2116  0.1624
 0.1951  0.2064  0.1947  0.1873  0.2166
 0.1802  0.2169  0.1784  0.2065  0.2181
 0.2107  0.2074  0.1859  0.1921  0.2038
 0.1947  0.2281  0.1729  0.2004  0.2038
 0.2043  0.2153  0.1738  0.2005  0.2061
 0.1883  0.2294  0.1602  0.2126  0.2094
 0.1979  0.1838  0.1959  0.1848  0.2375
 0.1946  0.1775  0.2065  0.1897  0.2318
 0.2001  0.1767  0.1944  0.1798  0.2490
 0.1820  0.2011  0.1918  0.1904  0.2346
 0.2195  0.1730  0.1940  0.1825  0.2310
 0.2155  0.1842  0.1835  0.2145  0.2023
 0.1817  0.2060  0.1834  0.1979  0.2310
 0.1921  0.2012  0.2011  0.2132  0.1924
 0.1910  0.1923  0.2098  0.1987  0.2081
 0.2068  0.1933  0.2017  0.1930  0.2052
 0.1953  0.1942  0.1841  0.2033  0.2231
 0.1902  0.2082  0.1866  0.2202  0.1947
 0.2358  0.1946  0.1820  0.1999  0.1877
 0.1759  0.2049  0.2019  0.2124  0.2049
 0.2148  0.1939  0.1919  0.2132  0.1862
[torch.cuda.FloatTensor of size 36x5 (GPU 0)]

Variable containing:
 1
[torch.cuda.FloatTensor of size 1 (GPU 0)]

Variable containing:
 0.4378
 0.5622
[torch.cuda.FloatTensor of size 2 (GPU 0)]

Variable containing:
 0.3248
 0.3496
 0.3256
[torch.cuda.FloatTensor of size 3 (GPU 0)]

Variable containing:
 0.2256
 0.2596
 0.2404
 0.2744
[torch.cuda.FloatTensor of size 4 (GPU 0)]

Variable containing:
 0.2110
 0.2088
 0.1907
 0.2013
 0.1882
[torch.cuda.FloatTensor of size 5 (GPU 0)]

Variable containing:
 0.1654
 0.1768
 0.1571
 0.1657
 0.1608
 0.1741
[torch.cuda.FloatTensor of size 6 (GPU 0)]

Variable containing:
 0.1418
 0.1459
 0.1420
 0.1514
 0.1318
 0.1340
 0.1532
[torch.cuda.FloatTensor of size 7 (GPU 0)]

Variable containing:
 0.1280
 0.1297
 0.1223
 0.1288
 0.1293
 0.1048
 0.1417
 0.1154
[torch.cuda.FloatTensor of size 8 (GPU 0)]

04/19 03:18:34 PM | epoch   4 |    50/  207 batches | lr 20.00 | ms/batch 2966.67 | loss  8.33 | ppl  4142.82
04/19 03:21:07 PM Genotype(recurrent=[('tanh', 0), ('identity', 1), ('identity', 1), ('identity', 3), ('relu', 3), ('tanh', 5), ('identity', 2), ('identity', 3)], concat=range(1, 9))
Variable containing:
 0.1938  0.2169  0.2012  0.2158  0.1723
 0.2225  0.1977  0.1730  0.1647  0.2420
 0.1757  0.1980  0.1797  0.1752  0.2715
 0.2112  0.1946  0.1774  0.1963  0.2206
 0.1976  0.1863  0.1931  0.1915  0.2315
 0.2142  0.1909  0.1729  0.1977  0.2243
 0.2255  0.1859  0.1874  0.1836  0.2175
 0.1955  0.1893  0.2123  0.1829  0.2201
 0.2146  0.1883  0.2000  0.1745  0.2226
 0.1810  0.2017  0.2011  0.1760  0.2401
 0.1839  0.2193  0.2168  0.2058  0.1743
 0.1825  0.2105  0.2320  0.2100  0.1650
 0.1985  0.2160  0.2045  0.2168  0.1642
 0.1848  0.2054  0.2437  0.2072  0.1590
 0.2031  0.2038  0.2198  0.2101  0.1632
 0.1953  0.2062  0.1948  0.1872  0.2165
 0.1804  0.2169  0.1787  0.2066  0.2173
 0.2094  0.2080  0.1865  0.1924  0.2037
 0.1945  0.2281  0.1732  0.2002  0.2040
 0.2048  0.2149  0.1732  0.2003  0.2068
 0.1893  0.2286  0.1613  0.2112  0.2095
 0.1993  0.1832  0.1961  0.1844  0.2369
 0.1944  0.1773  0.2074  0.1896  0.2314
 0.2013  0.1766  0.1950  0.1798  0.2475
 0.1835  0.2000  0.1923  0.1899  0.2342
 0.2189  0.1731  0.1946  0.1827  0.2308
 0.2137  0.1839  0.1847  0.2144  0.2032
 0.1760  0.2076  0.1850  0.1994  0.2321
 0.1921  0.2016  0.2007  0.2138  0.1919
 0.1918  0.1927  0.2081  0.1990  0.2084
 0.2074  0.1934  0.2009  0.1931  0.2053
 0.1950  0.1945  0.1840  0.2037  0.2227
 0.1904  0.2086  0.1862  0.2213  0.1936
 0.2366  0.1943  0.1816  0.1991  0.1884
 0.1748  0.2051  0.2012  0.2126  0.2063
 0.2153  0.1935  0.1916  0.2122  0.1873
[torch.cuda.FloatTensor of size 36x5 (GPU 0)]

Variable containing:
 1
[torch.cuda.FloatTensor of size 1 (GPU 0)]

Variable containing:
 0.4363
 0.5637
[torch.cuda.FloatTensor of size 2 (GPU 0)]

Variable containing:
 0.3227
 0.3513
 0.3260
[torch.cuda.FloatTensor of size 3 (GPU 0)]

Variable containing:
 0.2251
 0.2605
 0.2395
 0.2748
[torch.cuda.FloatTensor of size 4 (GPU 0)]

Variable containing:
 0.2101
 0.2100
 0.1911
 0.2005
 0.1882
[torch.cuda.FloatTensor of size 5 (GPU 0)]

Variable containing:
 0.1652
 0.1766
 0.1580
 0.1660
 0.1607
 0.1734
[torch.cuda.FloatTensor of size 6 (GPU 0)]

Variable containing:
 0.1400
 0.1453
 0.1407
 0.1495
 0.1315
 0.1346
 0.1584
[torch.cuda.FloatTensor of size 7 (GPU 0)]

Variable containing:
 0.1281
 0.1294
 0.1220
 0.1290
 0.1290
 0.1045
 0.1428
 0.1153
[torch.cuda.FloatTensor of size 8 (GPU 0)]

04/19 03:21:07 PM | epoch   4 |   100/  207 batches | lr 20.00 | ms/batch 3060.80 | loss  8.01 | ppl  3008.15
04/19 03:23:36 PM Genotype(recurrent=[('tanh', 0), ('identity', 1), ('identity', 1), ('identity', 3), ('relu', 3), ('tanh', 5), ('identity', 2), ('identity', 3)], concat=range(1, 9))
Variable containing:
 0.1933  0.2171  0.2013  0.2161  0.1722
 0.2239  0.1974  0.1721  0.1645  0.2420
 0.1745  0.1981  0.1794  0.1753  0.2727
 0.2112  0.1947  0.1772  0.1964  0.2204
 0.1964  0.1868  0.1932  0.1918  0.2318
 0.2159  0.1907  0.1717  0.1975  0.2242
 0.2238  0.1863  0.1877  0.1841  0.2181
 0.1956  0.1893  0.2120  0.1830  0.2202
 0.2143  0.1882  0.1998  0.1745  0.2232
 0.1817  0.2017  0.2003  0.1761  0.2400
 0.1842  0.2188  0.2172  0.2053  0.1744
 0.1823  0.2103  0.2329  0.2093  0.1652
 0.1996  0.2156  0.2043  0.2164  0.1642
 0.1845  0.2051  0.2448  0.2068  0.1588
 0.2021  0.2038  0.2206  0.2103  0.1632
 0.1954  0.2060  0.1950  0.1871  0.2165
 0.1800  0.2166  0.1793  0.2065  0.2176
 0.2097  0.2078  0.1862  0.1925  0.2038
 0.1952  0.2275  0.1735  0.1988  0.2050
 0.2046  0.2155  0.1731  0.2009  0.2059
 0.1892  0.2285  0.1612  0.2111  0.2100
 0.1999  0.1829  0.1955  0.1842  0.2375
 0.1951  0.1769  0.2065  0.1893  0.2322
 0.2018  0.1760  0.1938  0.1793  0.2491
 0.1852  0.1995  0.1905  0.1897  0.2351
 0.2191  0.1731  0.1942  0.1826  0.2310
 0.2145  0.1840  0.1835  0.2145  0.2036
 0.1679  0.2092  0.1869  0.2008  0.2353
 0.1929  0.2019  0.1991  0.2144  0.1916
 0.1917  0.1934  0.2067  0.1997  0.2084
 0.2083  0.1934  0.1998  0.1931  0.2055
 0.1958  0.1943  0.1835  0.2036  0.2228
 0.1904  0.2092  0.1858  0.2226  0.1919
 0.2369  0.1944  0.1816  0.1994  0.1877
